StartChar: u201D
Encoding: 8221 8221 115
Width: 480
GlyphClass: 2
Flags: W
LayerCount: 2
Fore
Refer: 112 8216 N -0.999817 0 0 1 587 0 0
Refer: 112 8216 N -0.999817 0 0 -0.999817 807 1655 0
EndChar
